10100011101000111010001110100011101000111010001110100011101000111010001110100011
10100011101000111010001110100011101000111010001110100011101000111010001110100011
10100011101000111010001110100011101000111010001110100011101000111010001110100011
10100011101000111010001110100011101000111010001110100011101000111010001110100011
10100011101000111010001110100011101000111010001110100011101000111010001110100011
10100011101000111010001110100011101000111010001110100011101000111010001110100011
10100011101000111010001110100011101000111010001110100011101000111010001110100011
10100011101000111010001110100011101000111010001110100011101000111010001110100011
10100011101000111010001110100011101000111010001110100011101000111010001110100011

10100011101000111010001110100011101000111010001110100011101000111010001110100011
10100011101000111010001110100011101000111010001110100011101000111010001110100011
10100011101000111010001110100011101000111010001110100011101000111010001110100011
10100011101000111010001110100011101000111010001110100011101000111010001110100011
10100011101000111010001110100011101000111010001110100011101000111010001110100011
10100011101000111010001110100011101000111010001110100011101000111010001110100011
10100011101000111010001110100011101000111010001110100011101000111010001110100011
10100011101000111010001110100011101000111010001110100011101000111010001110100011
10100011101000111010001110100011101000111010001110100011101000111010001110100011
10100011101000111010001110100011101000111010001110100011101000111010001110100011
10100011101000111010001110100011101000111010001110100011101000111010001110100011
10100011101000111010001110100011101000111010001110100011101000111010001110100011
10100011101000111010001110100011101000111010001110100011101000111010001110100011
10100011101000111010001110100011101000111010001110100011101000111010001110100011
10100011101000111010001110100011101000111010001110100011101000111010001110100011

10100011101000111010001110100011101000111010001110100011101000111010001110100011
10100011101000111010001110100011101000111010001110100011101000111010001110100011
10100011101000111010001110100011101000111010001110100011101000111010001110100011
10100011101000111010001110100011101000111010001110100011101000111010001110100011
10100011101000111010001110100011101000111010001110100011101000111010001110100011
10100011101000111010001110100011101000111010001110100011101000111010001110100011
10100011101000111010001110100011101000111010001110100011101000111010001110100011
10100011101000111010001110100011101000111010001110100011101000111010001110100011
10100011101000111010001110100011101000111010001110100011101000111010001110100011
10100011101000111010001110100011101000111010001110100011101000111010001110100011

10100011101000111010001110100011101000111010001110100011101000111010001110100011
10100011101000111010001110100011101000111010001110100011101000111010001110100011
10100011101000111010001110100011101000111010001110100011101000111010001110100011
10100011101000111010001110100011101000111010001110100011101000111010001110100011
10100011101000111010001110100011101000111010001110100011101000111010001110100011
10100011101000111010001110100011101000111010001110100011101000111010001110100011
10100011101000111010001110100011101000111010001110100011101000111010001110100011
10100011101000111010001110100011101000111010001110100011101000111010001110100011
10100011101000111010001110100011101000111010001110100011101000111010001110100011
10100011101000111010001110100011101000111010001110100011101000111010001110100011
10100011101000111010001110100011101000111010001110100011101000111010001110100011
10100011101000111010001110100011101000111010001110100011101000111010001110100011
10100011101000111010001110100011101000111010001110100011101000111010001110100011
10100011101000111010001110100011101000111010001110100011101000111010001110100011
10100011101000111010001110100011101000111010001110100011101000111010001110100011

10100011101000111010001110100011101000111010001110100011101000111010001110100011